8, 11, 27, 10, 3, 2, 16, 21, 22, 24, 17, 14, 4, 28, 31, 36, 26, 13, 5, 25, 32, 15
26, 13, 27, 20, 9, 5, 29, 19, 36, 31, 8, 35, 6, 2, 28, 1, 16, 7
7, 24, 33, 6, 31, 4, 8, 10, 20, 25, 11, 34, 1, 12, 22, 27
18, 9, 15, 27, 21
3, 9, 17, 5, 23, 32, 11, 2, 8, 12, 16, 24, 29, 20, 1, 10
33, 1
24, 35, 33, 20, 27, 32, 13, 5, 9, 16, 2, 22, 18, 25, 15, 10, 28, 3, 14, 26, 4, 7, 11, 36, 34
27, 26, 17, 7, 24, 36, 22, 29, 34, 18, 30, 11, 19, 4, 21, 10, 20, 23, 28, 31, 5, 14, 32, 25, 15, 33, 9, 12
18
4, 36, 6, 28, 30, 3, 12, 10, 9, 23, 25, 5, 24, 33, 34, 31
25, 11, 9, 32, 34, 33, 28, 22, 19, 3, 10, 31, 35, 27, 30, 12, 24, 20, 23, 2, 21, 29, 26, 6, 5, 36, 4, 16, 7
10
29, 36, 35, 12, 23, 4, 3, 28, 25, 32, 34, 9, 22, 6, 20, 21, 15, 24, 19, 11, 26, 18, 16, 27, 7, 30
32, 31, 6, 17, 30, 34, 33, 10, 8, 2, 24, 23, 15, 14, 35, 11, 12, 5, 27, 18, 1, 7, 28
26, 35, 21, 32, 4, 33, 15, 7, 22, 3, 8, 6, 25, 9, 20, 12, 29, 30, 23, 36, 10, 13, 14
27, 32, 18, 7, 22, 24, 26
32, 9, 21, 29, 20, 24, 34, 4, 26, 36, 19, 7, 2, 11, 15, 6, 35, 10, 31, 16, 3, 1, 27, 30, 23, 14, 18, 22, 5, 33
2, 10, 5, 4, 33, 16, 11, 20, 13, 8, 7, 36
33, 21, 20, 28, 10, 26
34, 28, 22, 12, 19, 18, 29, 2, 13, 9, 31, 30, 10, 3, 36, 21, 1, 24, 27, 20, 14, 26, 23, 5, 25, 32, 6
24, 27, 12, 1, 4, 36, 16, 11, 10, 8, 2, 3, 18, 26, 9, 5, 31, 33, 32, 20, 25, 29, 15, 6, 14, 21, 22, 7
18, 34, 14, 13, 30, 28, 10, 1, 4, 20, 33, 35
26, 25, 13, 30, 34, 22, 20, 28, 35, 5, 15, 29, 1, 36, 17, 24, 23, 4, 31, 9, 33, 6, 18, 10, 27
11, 7, 12, 34, 27, 4, 1, 30, 3, 8, 15, 33, 5, 9, 6, 36, 32, 20, 26, 2, 13, 10, 18, 24, 35, 16, 25
18, 26, 5, 30, 22, 6, 21, 1, 14, 12, 20, 28, 36, 2, 13, 16, 8, 33, 27, 7, 15, 35, 25, 10, 24
13, 35, 4, 18
15, 34, 3, 24, 11, 9, 13, 4, 36, 19, 14, 22, 31, 1, 17, 21, 18, 5, 2, 26, 30, 32, 27, 16, 28, 35
2, 9, 31, 22, 26, 15, 25, 28, 35, 13, 10, 21, 8, 7, 34, 16, 3, 20, 24, 1, 4, 6
22, 5, 12, 32, 7, 24, 10, 14, 30, 17, 11, 16, 36, 21, 35, 3, 34, 20
4, 29, 2, 32, 5, 17, 25, 36, 10, 7, 15, 22, 33
33, 14, 26, 3, 30, 23, 28, 17, 5
27, 21, 31
17, 16, 30, 33, 5, 23, 24
21, 29, 18, 14, 4, 23, 12, 17, 10, 25, 35, 11, 32, 13, 34, 5, 20, 27, 33, 28, 26, 15, 30, 9, 1, 22, 3, 36, 8
5, 8, 19, 7, 15, 31, 4, 25, 32, 2, 17, 28, 16
26
7, 29, 10, 33, 23, 36, 19, 27, 34, 9, 3, 11
32, 6, 1, 27, 22, 15, 18, 12, 20, 11, 4, 30, 2, 8, 34, 19
25, 8, 13
32, 4, 36, 22, 24, 1, 35, 14, 20, 7, 17, 19, 8, 31, 12, 11, 2
31, 15, 11, 2, 9, 35, 25, 18, 27, 24, 5, 12, 3, 4, 30, 28, 19, 33, 16, 26, 1, 21, 13, 32, 20, 34, 29
6, 18, 32, 14, 3, 5, 24, 17, 4, 11, 8, 2, 31, 20, 33, 12, 27, 21, 22, 30, 34
19, 35, 20, 12, 1, 18, 9, 29, 36, 28, 21, 10, 33, 7, 30, 17, 3, 24, 13, 11, 14, 25
6, 26, 20, 11, 18, 31, 1, 9, 14, 17, 16, 32, 29, 8, 13, 27, 21, 24, 23, 36, 22, 15, 7
11, 14, 17, 5, 6, 9, 35, 26, 36, 10, 27, 33, 23, 25, 24, 4, 2
16, 15, 6, 34
4, 34, 26, 19, 20, 28, 6, 29, 31
28, 7, 1, 35, 25, 19, 24, 14, 32, 20, 26, 9, 22, 3, 12, 13, 27, 5, 6, 31, 2, 8, 17, 33, 23, 29, 4
2, 18, 9, 19, 1, 35, 8, 3, 33, 36, 5, 23, 11, 32, 28, 21, 10, 24, 4, 20, 6, 7, 26, 30, 31, 14, 13, 12, 34, 22
5, 12, 23, 18, 19, 32, 9, 20, 22, 4
25, 35, 34, 26, 21, 22, 36, 30, 23, 4, 2, 31, 28, 16, 1
24, 4, 16, 21, 12, 20, 34, 33, 11, 32, 5, 10, 2, 8, 3, 14
33, 22, 30, 23, 14, 16, 18, 31, 8, 27, 7, 19, 3, 4, 13, 10, 25, 29, 9, 2, 6, 15, 36
9, 13, 12, 19
25, 17, 7, 11, 22, 32, 36, 31, 26, 29, 13, 23, 16, 8, 27, 5, 12, 24, 14, 10, 1, 28, 35, 33, 9, 18, 2
31, 29, 1, 4, 17, 3, 14, 21, 34, 7, 36, 22, 27, 13
21, 34, 32
4, 9, 36, 35, 26, 21, 3, 12, 6, 34, 7, 27, 31, 30, 5
5, 34, 35, 24, 2, 4, 22, 14, 30, 26, 9, 18, 17, 7, 6, 36, 27, 25, 31, 29
3, 24, 17, 27, 14, 6, 10, 25, 34, 16, 29, 12, 31, 19
6, 15, 4, 30, 27, 25, 16, 13, 28, 26, 24, 1, 23, 2, 33, 3, 22, 29, 14, 32, 5, 18, 9, 35, 12, 31, 8, 21, 11, 17
13, 9, 33, 7, 20, 18, 6, 4, 23, 15, 22, 26, 35, 25, 30, 1, 19, 34, 36, 8
9, 26, 14, 8, 17, 21, 32
4, 24, 5, 9, 14, 10, 33, 15, 8, 19, 36, 30, 16, 3, 27, 13, 7, 20, 17, 18, 6, 2, 12, 31, 29, 25, 1, 26, 11, 22
21, 31, 16, 9, 5, 3, 34, 7, 35, 2, 12, 32, 18, 14, 10, 13, 33, 25, 26, 8, 36, 23, 19, 20
1, 13, 27
