(setf x ‘(
(1 0)
(2 1)
(3 -1)
(4 1)
(5 -1)
(6 1)
(7 0)
(8 -1)
(9 1)
(10 -1)
(11 -1)
(12 1)
(13 1)
(14 1)
(15 0)
(16 -1)
(17 1)
(18 1)
(19 1)
(20 1)
(21 1)
(22 0)
(23 1)
(24 1)
(25 1)
(26 1)
(27 1)
(28 -1)
(29 0)
(30 1)
(31 1)
(32 1)
(33 -1)
(34 1)
(35 0)
(36 1)
(37 1)
(38 1)
(39 1)
(40 1)
(41 1)
(42 1)
(43 1)
(44 1)
(45 1)
(46 1)
(47 1)
(48 1)
(49 0)
(50 1)
(51 1)
(52 -1)
(53 1)
(54 1)
(55 1)
(56 1)
(57 0)
(58 -1)
(59 0)
(60 1)
(61 1)
(62 1)
(63 1)
(64 1)
(65 0)
(66 -1)
(67 1)
(68 1)
(69 0)
(70 -1)
(71 -1)
(72 0)
(73 0)
(74 0)
(75 1)
(76 0)
(77 -1)
(78 0)
(79 0)
(80 0)
(81 1)
(82 0)
(83 1)
(84 -1)
(85 1)
(86 1)
(87 0)
(88 0)
(89 1)
(90 -1)
(91 0)
(92 -1)
(93 1)
(94 1)
(95 -1)
(96 1)
(97 0)
(98 1)
(99 1)
(100 1)
(101 0)
(102 1)
(103 1)
(104 -1)
(105 0)
(106 1)
(107 1)
(108 0)
(109 -1)
(110 -1)
(111 1)
(112 -1)
(113 1)
(114 1)
(115 -1)
(116 1)
(117 -1)
(118 0)
(119 1)
(120 0)
(121 1)
(122 1)
(123 0)
(124 -1)
(125 1)
(126 -1)
(127 -1)
(128 0)
(129 -1)
(130 0)
(131 -1)
(132 0)
(133 0)
(134 1)
(135 1)
(136 -1)
(137 1)
(138 -1)
(139 1)
(140 1)
(141 -1)
(142 1)
(143 1)
(144 1)
(145 -1)
(146 0)
(147 -1)
(148 0)
(149 -1)
(150 0)
(151 1)
(152 1)
(153 0)
(154 1)
(155 1)
(156 0)
(157 0)
(158 1)
(159 -1)
(160 -1)
(161 -1)
(162 1)
(163 -1)
(164 1)
(165 1)
(166 1)
(167 -1)
(168 -1)
(169 -1)
(170 0)
(171 -1)
(172 0)
(173 -1)
(174 0)
(175 -1)
(176 -1)
(177 0)
(178 0)
(179 0)
(180 1)
(181 0)
(182 0)
(183 0)
(184 0)
(185 1)
(186 1)
(187 -1)
(188 1)
(189 1)
(190 1)
(191 1)
(192 -1)
(193 1)
(194 -1)
(195 1)
(196 -1)
(197 1)
(198 1)
(199 -1)
(200 1)
(201 -1)
(202 1)
(203 -1)
(204 1)
(205 -1)
(206 1)
(207 0)
(208 1)
(209 -1)
(210 0)
(211 1)
(212 1)
(213 1)
(214 1)
(215 1)
(216 1)
(217 1)
(218 1)
(219 0)
(220 0)
(221 1)
(222 -1)
(223 0)
(224 1)
(225 1)
(226 1)
(227 1)
(228 1)
(229 0)
(230 1)
(231 1)
(232 1)
(233 1)
(234 1)
(235 1)
(236 1)
(237 0)
(238 0)
(239 1)
(240 0)
(241 1)
(242 1)
(243 -1)
(244 0)
(245 -1)
(246 1)
(247 1)
(248 1)
(249 -1)
(250 1)
(251 1)
(252 1)
(253 1)
(254 1)
(255 0)
(256 1)
(257 1)
(258 1)
(259 -1)
(260 1)
(261 -1)
(262 1)
(263 0)
(264 1)
(265 1)
(266 1)
(267 1)
(268 0)
(269 1)
(270 1)
(271 -1)
(272 0)
(273 1)
(274 1)
(275 -1)
(276 1)
(277 1)
(278 1)
(279 0)
(280 1)
(281 -1)
(282 1)
(283 1)
(284 1)
(285 -1)
(286 0)
(287 0)
(288 1)
(289 -1)
(290 1)
(291 1)
(292 1)
(293 1)
(294 -1)
(295 -1)
(296 -1)
(297 1)
(298 1)
(299 1)
(300 1)
(301 1)
(302 0)
(303 0)
(304 0)
(305 -1)
(306 -1)
(307 0)
(308 -1)
(309 0)
(310 1)
(311 1)
(312 0)
(313 -1)
(314 0)
(315 0)
(316 -1)
(317 1)
(318 -1)
(319 -1)
(320 1)
(321 1)
(322 1)
(323 1)
(324 0)
(325 1)
(326 1)
(327 1)
(328 1)
(329 1)
(330 1)
(331 1)
(332 1)
(333 1)
(334 1)
(335 -1)
(336 0)
(337 1)
(338 1)
(339 1)
(340 0)
(341 1)
(342 1)
(343 0)
(344 1)
(345 -1)
(346 1)
(347 1)
(348 1)
(349 1)
(350 1)
(351 1)
(352 -1)
(353 1)
(354 1)
(355 1)
(356 1)
(357 1)
(358 1)
(359 1)
(360 1)
(361 1)
(362 1)
(363 1)
(364 1)
(365 1)
(366 1)
(367 1)
(368 -1)
(369 1)
(370 1)
(371 1)
(372 1)
(373 -1)
(374 1)
(375 1)
(376 0)
(377 1)
(378 1)
(379 1)
(380 0)
(381 0)
(382 0)
(383 1)
(384 0)
(385 1)
(386 1)
(387 0)
(388 0)
(389 1)
(390 1)
(391 0)
(392 1)
(393 1)
(394 1)
(395 1)
(396 1)
(397 1)
(398 0)
(399 1)
(400 1)
(401 0)
(402 1)
(403 1)
(404 1)
(405 1)
(406 1)
(407 1)
(408 1)
(409 1)
(410 1)
(411 1)
(412 1)
(413 1)
(414 1)
(415 0)
(416 1)
(417 1)
(418 1)
(419 1)
(420 1)
(421 1)
(422 1)
(423 -1)
(424 0)
(425 -1)
(426 1)
(427 1)
(428 0)
(429 1)
(430 1)
(431 1)
(432 1)
(433 1)
(434 1)
(435 -1)
(436 1)
(437 1)
(438 1)
(439 1)
(440 1)
(441 1)
(442 0)
(443 1)
(444 1)
(445 1)
(446 1)
(447 1)
(448 0)
(449 1)
(450 -1)
(451 1)
(452 -1)
(453 -1)
(454 1)
(455 -1)
(456 1)
(457 1)
(458 1)
(459 0)
(460 0)
(461 1)
(462 1)
(463 1)
(464 1)
(465 1)
(466 -1)
(467 1)
(468 0)
(469 0)
(470 1)
(471 1)
(472 1)
(473 1)
(474 1)
(475 1)
(476 -1)
(477 1)
(478 1)
(479 1)
(480 -1)
(481 1)
(482 1)
(483 1)
(484 1)
(485 1)
(486 1)
(487 1)
(488 1)
(489 1)
(490 1)
(491 1)
(492 1)
(493 0)
(494 1)
(495 0)
(496 1)
(497 1)
(498 1)
(499 1)
(500 1)
(501 1)
(502 0)
(503 -1)
(504 0)
(505 1)
(506 0)
(507 1)
(508 1)
(509 1)
(510 1)
(511 -1)
(512 1)
(513 1)
(514 1)
(515 -1)
(516 -1)
(517 0)
(518 1)
(519 1)
(520 0)
(521 0)
(522 1)
(523 0)
(524 1)
(525 0)
(526 -1)
(527 1)
(528 -1)
(529 1)
(530 -1)
(531 0)
(532 0)
(533 1)
(534 0)
(535 1)
(536 0)
(537 1)
(538 1)
(539 0)
(540 1)
(541 0)
(542 0)
(543 -1)
(544 1)
(545 1)
(546 1)
(547 1)
(548 1)
(549 1)
(550 -1)
(551 -1)
(552 1)
(553 0)
(554 1)
(555 1)
(556 1)
(557 -1)
(558 0)
(559 1)
(560 -1)
(561 1)
(562 0)
(563 1)
(564 0)
(565 1)
(566 1)
(567 0)
(568 1)
(569 -1)
(570 1)
(571 1)
(572 1)
(573 1)
(574 1)
(575 -1)
(576 1)
(577 1)
(578 -1)
(579 -1)
(580 1)
(581 -1)
(582 -1)
(583 1)
(584 0)
(585 -1)
(586 -1)
(587 0)
(588 -1)
(589 -1)
(590 -1)
(591 0)
(592 0)
(593 0)
(594 -1)
(595 0)
(596 0)
(597 0)
(598 1)
(599 0)
(600 0)
(601 0)
(602 0)
(603 0)
(604 1)
(605 1)
(606 -1)
(607 0)
(608 0)
(609 -1)
(610 1)
(611 -1)
(612 -1)
(613 -1)
(614 0)
(615 0)
(616 0)
(617 0)
(618 -1)
(619 -1)
(620 0)
(621 -1)
(622 0)
(623 1)
(624 -1)
(625 -1)
(626 0)
(627 0)
(628 0)
(629 1)
(630 0)
(631 -1)
(632 0)
(633 0)
(634 -1)
(635 0)
(636 0)
(637 0)
(638 -1)
(639 -1)
(640 0)
(641 0)
(642 0)
(643 -1)
(644 -1)
(645 0)
(646 0)
(647 0)
(648 -1)
(649 0)
(650 -1)
(651 0)
(652 0)
(653 0)
(654 0)
(655 0)
(656 0)
(657 -1)
(658 0)
(659 -1)
(660 -1)
(661 0)
(662 -1)
(663 -1)
(664 0)
(665 0)
(666 0)
(667 0)
(668 0)
(669 0)
(670 0)
(671 0)
(672 -1)
(673 -1)
(674 -1)
(675 -1)
(676 1)
(677 0)
(678 -1)
(679 -1)
(680 -1)
(681 -1)
(682 -1)
(683 0)
(684 -1)
(685 -1)
(686 -1)
(687 -1)
(688 1)
(689 0)
(690 1)
(691 -1)
(692 0)
(693 -1)
(694 -1)
(695 0)
(696 -1)
(697 -1)
(698 1)
(699 0)
(700 1)
(701 0)
(702 0)
(703 -1)
(704 0)
(705 -1)
(706 1)
(707 1)
(708 1)
(709 0)
(710 0)
(711 1)
(712 0)
(713 -1)
(714 0)
(715 -1)
(716 -1)
(717 0)
(718 0)
(719 0)
(720 0)
(721 -1)
(722 -1)
(723 1)
(724 -1)
(725 -1)
(726 -1)
(727 1)
(728 0)
(729 0)
(730 0)
(731 -1)
(732 -1)
(733 1)
(734 0)
(735 -1)
(736 0)
(737 0)
(738 0)
(739 -1)
(740 -1)
(741 0)
(742 -1)
(743 0)
(744 0)
(745 -1)
(746 0)
(747 0)
(748 -1)
(749 -1)
(750 0)
(751 0)
(752 1)
(753 -1)
(754 0)
(755 -1)
(756 0)
(757 0)
(758 0)
(759 0)
(760 -1)
(761 0)
(762 0)
(763 0)
(764 -1)
(765 0)
(766 -1)
(767 0)
(768 0)
(769 0)
(770 0)
(771 -1)
(772 0)
(773 -1)
(774 0)
(775 0)
(776 -1)
(777 -1)
(778 1)
(779 -1)
(780 -1)
(781 0)
(782 1)
(783 -1)
(784 -1)
(785 0)
(786 -1)
(787 1)
(788 0)
(789 -1)
(790 0)
(791 0)
(792 -1)
(793 -1)
(794 1)
(795 -1)
(796 -1)
(797 0)
(798 0)
(799 0)
(800 0)
(801 0)
(802 0)
(803 0)
(804 0)
(805 -1)
(806 -1)
(807 -1)
(808 1)
(809 1)
(810 0)
(811 1)
(812 0)
(813 1)
(814 1)
(815 0)
(816 -1)
(817 0)
(818 0)
(819 -1)
(820 0)
(821 0)
(822 -1)
(823 -1)
(824 0)
(825 0)
(826 0)
(827 -1)
(828 0)
(829 -1)
(830 0)
(831 0)
(832 1)
(833 -1)
(834 0)
(835 0)
(836 0)
(837 0)
(838 0)
(839 0)
(840 0)
(841 0)
(842 0)
(843 -1)
(844 0)
(845 0)
(846 0)
(847 0)
(848 0)
(849 0)
(850 0)
(851 1)
(852 -1)
(853 -1)
(854 -1)
(855 0)
(856 0)
(857 1)
(858 0)
(859 -1)
(860 0)
(861 0)
(862 0)
(863 -1)
(864 0)
(865 0)
(866 -1)
(867 -1)
(868 0)
(869 0)
(870 0)
(871 0)
(872 -1)
(873 -1)
(874 -1)
(875 -1)
(876 -1)
(877 1)
(878 -1)
(879 -1)
(880 -1)
(881 -1)
(882 -1)
(883 0)
(884 -1)
(885 0)
(886 0)
(887 0)
(888 -1)
(889 1)
(890 0)
(891 0)
(892 0)
(893 0)
(894 0)
(895 0)
(896 -1)
(897 -1)
(898 1)
(899 -1)
(900 1)
(901 0)
(902 0)
(903 0)
(904 1)
(905 -1)
(906 0)
(907 -1)
(908 -1)
(909 -1)
(910 1)
(911 -1)
(912 1)
(913 1)
(914 1)
(915 -1)
(916 0)
(917 0)
(918 -1)
(919 -1)
(920 0)
(921 -1)
(922 -1)
(923 1)
(924 -1)
(925 0)
(926 -1)
(927 0)
(928 1)
(929 0)
(930 0)
(931 0)
(932 0)
(933 1)
(934 -1)
(935 0)
(936 0)
(937 0)
(938 0)
(939 0)
(940 0)
(941 0)
(942 0)
(943 0)
(944 0)
(945 0)
(946 0)
(947 -1)
(948 -1)
(949 -1)
(950 0)
(951 0)
(952 0)
(953 0)
(954 0)
(955 0)
(956 -1)
(957 -1)
(958 1)
(959 0)
(960 0)
(961 0)
(962 -1)
(963 0)
(964 -1)
(965 0)
(966 -1)
(967 0)
(968 -1)
(969 0)
(970 0)
(971 0)
(972 1)
(973 0)
(974 0)
(975 0)
(976 1)
(977 0)
(978 -1)
(979 0)
(980 0)
(981 0)
(982 0)
(983 0)
(984 0)
(985 0)
(986 -1)
(987 0)
(988 0)
(989 1)
(990 0)
(991 0)
(992 -1)
(993 0)
(994 0)
(995 -1)
(996 0)
(997 0)
(998 0)
(999 -1)
(1000 0)
(1001 0)
(1002 0)
(1003 0)
(1004 1)
(1005 0)
(1006 0)
(1007 0)
(1008 -1)
(1009 -1)
(1010 0)
(1011 0)
(1012 0)
(1013 -1)
(1014 0)
(1015 0)
(1016 0)
(1017 0)
(1018 0)
(1019 0)
(1020 0)
(1021 0)
(1022 0)
(1023 0)
(1024 0)
(1025 -1)
(1026 0)
(1027 0)
(1028 0)
(1029 0)
(1030 0)
(1031 1)
(1032 0)
(1033 0)
(1034 0)
(1035 1)
(1036 0)
(1037 -1)
(1038 -1)
(1039 0)
(1040 0)
(1041 0)
(1042 0)
(1043 -1)
(1044 0)
(1045 0)
(1046 1)
(1047 0)
(1048 0)
(1049 -1)
(1050 -1)
(1051 0)
(1052 0)
(1053 0)
(1054 -1)
(1055 0)
(1056 0)
(1057 1)
(1058 0)
(1059 -1)
(1060 0)
(1061 0)
(1062 -1)
(1063 0)
(1064 0)
(1065 -1)
(1066 -1)
(1067 0)
(1068 -1)
(1069 0)
(1070 1)
(1071 -1)
(1072 -1)
(1073 0)
(1074 -1)
(1075 -1)
(1076 0)
(1077 0)
(1078 1)
(1079 0)
(1080 -1)
(1081 0)
(1082 -1)
(1083 -1)
(1084 -1)
(1085 -1)
(1086 -1)
(1087 0)
(1088 0)
(1089 0)
(1090 0)
(1091 0)
(1092 0)
(1093 -1)
(1094 -1)
(1095 -1)
(1096 -1)
(1097 1)
(1098 1)
(1099 0)
(1100 0)
(1101 0)
(1102 0)
(1103 1)
(1104 -1)
(1105 -1)
(1106 0)
(1107 -1)
(1108 0)
(1109 0)
(1110 -1)
(1111 0)
(1112 0)
(1113 -1)
(1114 0)
(1115 0)
(1116 -1)
(1117 1)
(1118 0)
(1119 1)
(1120 -1)
(1121 -1)
(1122 0)
(1123 1)
(1124 1)
(1125 0)
(1126 0)
(1127 -1)
(1128 -1)
(1129 0)
(1130 1)
(1131 0)
(1132 0)
(1133 -1)
(1134 1)
(1135 1)
(1136 1)
(1137 -1)
(1138 0)
(1139 -1)
(1140 0)
(1141 -1)
(1142 -1)
(1143 0)
(1144 1)
(1145 0)
(1146 0)
(1147 0)
(1148 1)
(1149 0)
(1150 0)
(1151 0)
(1152 -1)
(1153 -1)
(1154 0)
(1155 0)
(1156 1)
(1157 0)
(1158 -1)
(1159 0)
(1160 0)
(1161 1)
(1162 0)
(1163 1)
(1164 0)
(1165 0)
(1166 0)
(1167 0)
(1168 0)
(1169 0)
(1170 -1)
(1171 0)
(1172 0)
(1173 0)
(1174 0)
(1175 0)
(1176 0)
(1177 0)
(1178 0)
(1179 0)
(1180 0)
(1181 0)
(1182 0)
(1183 0)
(1184 0)
(1185 0)
(1186 0)
(1187 0)
(1188 0)
(1189 0)
(1190 -1)
(1191 1)
(1192 0)
(1193 -1)
(1194 0)
(1195 0)
(1196 -1)
(1197 0)
(1198 0)
(1199 0)
(1200 -1)
(1201 0)
(1202 0)
(1203 0)
(1204 0)
(1205 -1)
(1206 0)
(1207 -1)
(1208 0)
(1209 -1)
(1210 0)
(1211 0)
(1212 -1)
(1213 0)
(1214 -1)
(1215 0)
(1216 0)
(1217 0)
(1218 -1)
(1219 -1)
(1220 0)
(1221 -1)
(1222 -1)
(1223 1)
(1224 -1)
(1225 0)
(1226 -1)
(1227 0)
(1228 0)
(1229 0)
(1230 0)
(1231 -1)
(1232 0)
(1233 0)
(1234 0)
(1235 -1)
(1236 1)
(1237 -1)
(1238 0)
(1239 0)
(1240 0)
(1241 0)
(1242 0)
(1243 -1)
(1244 0)
(1245 0)
(1246 1)
(1247 0)
(1248 -1)
(1249 0)
(1250 -1)
(1251 -1)
(1252 1)
(1253 -1)
(1254 1)
(1255 0)
(1256 0)
(1257 0)
(1258 -1)
(1259 0)
(1260 0)
(1261 1)
(1262 0)
(1263 1)
(1264 -1)
(1265 -1)
(1266 -1)
(1267 -1)
(1268 -1)
(1269 -1)
(1270 -1)
(1271 -1)
(1272 -1)
(1273 -1)
(1274 -1)
(1275 0)
(1276 -1)
(1277 -1)
(1278 -1)
(1279 -1)
(1280 0)
(1281 -1)
(1282 -1)
(1283 -1)
(1284 0)
(1285 -1)
(1286 -1)
(1287 -1)
(1288 -1)
(1289 -1)
(1290 -1)
(1291 -1)
(1292 -1)
(1293 1)
(1294 -1)
(1295 -1)
(1296 1)
(1297 0)
(1298 -1)
(1299 -1)
(1300 -1)
(1301 -1)
(1302 -1)
(1303 -1)
(1304 0)
(1305 -1)
(1306 -1)
(1307 -1)
(1308 -1)
(1309 -1)
(1310 -1)
(1311 -1)
(1312 -1)
(1313 -1)
(1314 -1)
(1315 -1)
(1316 -1)
(1317 0)
(1318 -1)
(1319 1)
(1320 -1)
(1321 -1)
(1322 -1)
(1323 -1)
(1324 -1)
(1325 -1)
(1326 0)
(1327 -1)
(1328 0)
(1329 -1)
(1330 -1)
(1331 -1)
(1332 -1)
(1333 -1)
(1334 -1)
(1335 -1)
(1336 -1)
(1337 -1)
(1338 -1)
(1339 -1)
(1340 -1)
(1341 0)
(1342 -1)
(1343 -1)
(1344 -1)
(1345 -1)
(1346 1)
(1347 0)
(1348 -1)
(1349 -1)
(1350 -1)
(1351 0)
(1352 -1)
(1353 -1)
(1354 -1)
(1355 0)
(1356 -1)
(1357 -1)
(1358 -1)
(1359 0)
(1360 -1)
(1361 -1)
(1362 -1)
(1363 -1)
(1364 -1)
(1365 -1)
(1366 0)
(1367 -1)
(1368 0)
(1369 -1)
(1370 -1)
(1371 -1)
(1372 -1)
(1373 -1)
(1374 -1)
(1375 0)
(1376 -1)
(1377 -1)
(1378 -1)
(1379 -1)
(1380 -1)
(1381 -1)
(1382 -1)
(1383 -1)
(1384 0)
(1385 0)
(1386 -1)
(1387 -1)
(1388 -1)
(1389 -1)
(1390 -1)
(1391 -1)
(1392 -1)
(1393 -1)
(1394 -1)
(1395 -1)
(1396 -1)
(1397 0)
(1398 -1)
(1399 -1)
(1400 -1)
(1401 1)
(1402 -1)
(1403 -1)
(1404 -1)
(1405 -1)
(1406 -1)
(1407 -1)
(1408 -1)
(1409 0)
(1410 0)
(1411 -1)
(1412 1)
(1413 0)
(1414 -1)
(1415 -1)
(1416 -1)
(1417 -1)
(1418 -1)
(1419 -1)
(1420 -1)
(1421 -1)
(1422 -1)
(1423 1)
(1424 0)
(1425 0)
(1426 -1)
(1427 -1)
(1428 -1)
(1429 -1)
(1430 -1)
(1431 -1)
(1432 -1)
(1433 -1)
(1434 -1)
(1435 -1)
(1436 -1)
(1437 0)
(1438 0)
(1439 -1)
(1440 1)
(1441 -1)
(1442 -1)
(1443 -1)
(1444 0)
(1445 0)
(1446 -1)
(1447 0)
(1448 0)
(1449 -1)
(1450 -1)
(1451 -1)
(1452 -1)
(1453 0)
(1454 0)
(1455 1)
(1456 -1)
(1457 -1)
(1458 -1)
(1459 -1)
(1460 0)
(1461 -1)
(1462 1)
(1463 -1)
(1464 -1)
(1465 0)
(1466 -1)
(1467 0)
(1468 -1)
(1469 -1)
(1470 -1)
(1471 -1)
(1472 0)
(1473 -1)
(1474 -1)
(1475 -1)
(1476 -1)
(1477 -1)
(1478 -1)
(1479 -1)
(1480 -1)
(1481 -1)
(1482 -1)
(1483 -1)
(1484 -1)
(1485 -1)
(1486 -1)
(1487 1)
(1488 -1)
(1489 -1)
(1490 -1)
(1491 -1)
(1492 -1)
(1493 -1)
(1494 0)
(1495 0)
(1496 -1)
(1497 -1)
(1498 1)
(1499 -1)
(1500 -1)
(1501 -1)
(1502 -1)
(1503 -1)
(1504 -1)
(1505 1)
(1506 -1)
(1507 -1)
(1508 -1)
(1509 -1)
(1510 -1)
(1511 -1)
(1512 -1)
(1513 -1)
(1514 -1)
(1515 -1)
(1516 -1)
(1517 -1)
(1518 -1)
(1519 0)
(1520 -1)
(1521 -1)
(1522 -1)
(1523 -1)
(1524 -1)
(1525 -1)
(1526 -1)
(1527 0)
(1528 0)
(1529 0)
(1530 -1)
(1531 0)
(1532 0)
(1533 -1)
(1534 1)
(1535 -1)
(1536 0)
(1537 -1)
(1538 -1)
(1539 -1)
(1540 0)
(1541 1)
(1542 0)
(1543 0)
(1544 -1)
(1545 -1)
(1546 -1)
(1547 1)
(1548 0)
(1549 1)
(1550 -1)
(1551 1)
(1552 -1)
(1553 -1)
(1554 0)
(1555 0)
(1556 -1)
(1557 -1)
(1558 -1)
(1559 -1)
(1560 -1)
(1561 -1)
(1562 -1)
(1563 -1)
(1564 -1)
(1565 -1)
(1566 -1)
(1567 -1)
(1568 -1)
(1569 -1)
(1570 0)
(1571 -1)
(1572 -1)
(1573 -1)
(1574 -1)
(1575 0)
(1576 -1)
(1577 -1)
(1578 -1)
(1579 -1)
(1580 -1)
(1581 0)
(1582 -1)
(1583 -1)
(1584 -1)
(1585 0)
(1586 0)
(1587 -1)
(1588 -1)
(1589 1)
(1590 1)
(1591 0)
(1592 -1)
(1593 -1)
(1594 -1)
(1595 -1)
(1596 -1)
(1597 -1)
(1598 -1)
(1599 -1)
(1600 -1)
(1601 0)
(1602 -1)
(1603 -1)
(1604 0)
(1605 0)
(1606 1)
(1607 -1)
(1608 -1)
(1609 -1)
(1610 1)
(1611 0)
(1612 -1)
(1613 -1)
(1614 -1)
(1615 -1)
(1616 -1)
(1617 -1)
(1618 -1)
(1619 -1)
(1620 -1)
(1621 -1)
(1622 1)
(1623 0)
(1624 1)
(1625 -1)
(1626 -1)
(1627 -1)
(1628 -1)
(1629 -1)
(1630 0)
(1631 0)
(1632 0)
(1633 -1)
(1634 0)
(1635 0)
(1636 -1)
(1637 -1)
(1638 0)
(1639 -1)
(1640 -1)
(1641 -1)
(1642 -1)
(1643 1)
(1644 -1)
(1645 -1)
(1646 -1)
(1647 0)
(1648 0)
(1649 -1)
(1650 -1)
(1651 -1)
(1652 -1)
(1653 1)
(1654 -1)
(1655 -1)
(1656 -1)
(1657 -1)
(1658 -1)
(1659 -1)
(1660 -1)
(1661 0)
(1662 -1)
(1663 0)
(1664 -1)
(1665 -1)
(1666 -1)
(1667 -1)
(1668 -1)
(1669 -1)
(1670 -1)
(1671 0)
(1672 -1)
(1673 -1)
(1674 -1)
(1675 -1)
(1676 -1)
(1677 -1)
(1678 -1)
(1679 -1)
(1680 1)
(1681 0)
(1682 -1)
(1683 -1)
(1684 0)
(1685 -1)
(1686 1)
(1687 1)
(1688 0)
(1689 -1)
(1690 -1)
(1691 0)
(1692 -1)
(1693 -1)
(1694 -1)
(1695 -1)
(1696 0)
(1697 -1)
(1698 -1)
(1699 -1)
(1700 -1)
(1701 -1)
(1702 0)
(1703 -1)
(1704 -1)
(1705 -1)
(1706 -1)
(1707 -1)
(1708 0)
(1709 -1)
(1710 -1)
(1711 -1)
(1712 0)
(1713 -1)
(1714 -1)
(1715 -1)
(1716 1)
(1717 -1)
(1718 -1)
(1719 -1)
(1720 -1)
(1721 -1)
(1722 -1)
(1723 0)
(1724 0)
(1725 1)
(1726 -1)
(1727 0)
(1728 0)
(1729 -1)
(1730 -1)
(1731 -1)
(1732 -1)
(1733 -1)
(1734 -1)
(1735 0)
(1736 -1)
(1737 -1)
(1738 -1)
(1739 -1)
(1740 -1)
(1741 -1)
(1742 -1)
(1743 -1)
(1744 1)
(1745 -1)
(1746 -1)
(1747 -1)
(1748 -1)
(1749 -1)
(1750 -1)
(1751 1)
(1752 -1)
(1753 -1)
(1754 -1)
(1755 -1)
(1756 -1)
(1757 -1)
(1758 -1)
(1759 -1)
(1760 -1)
(1761 0)
(1762 -1)
(1763 0)
(1764 -1)
(1765 0)
(1766 -1)
(1767 0)
(1768 -1)
(1769 0)
(1770 -1)
(1771 -1)
(1772 -1)
(1773 -1)
(1774 -1)
(1775 -1)
(1776 -1)
(1777 -1)
(1778 -1)
(1779 -1)
(1780 1)
(1781 -1)
(1782 -1)
(1783 1)
(1784 1)
(1785 0)
(1786 0)
(1787 -1)
(1788 0)
(1789 1)
(1790 1)
(1791 -1)
(1792 -1)
(1793 0)
(1794 -1)
(1795 1)
(1796 -1)
(1797 -1)
(1798 -1)
(1799 -1)
(1800 -1)
(1801 -1)
(1802 -1)
(1803 -1)
(1804 0)
(1805 0)
(1806 -1)
(1807 1)
(1808 -1)
(1809 -1)
(1810 0)
(1811 0)
(1812 -1)
(1813 -1)
(1814 0)
(1815 -1)
(1816 -1)
(1817 -1)
(1818 0)
(1819 -1)
(1820 -1)
(1821 0)
(1822 0)
(1823 -1)
(1824 -1)
(1825 -1)
(1826 -1)
(1827 1)
(1828 1)
(1829 -1)
(1830 -1)
(1831 -1)
(1832 -1)
(1833 1)
(1834 -1)
(1835 -1)
(1836 -1)
(1837 -1)
(1838 -1)
(1839 0)
(1840 1)
(1841 -1)
(1842 -1)
(1843 -1)
(1844 -1)
(1845 0)
(1846 -1)
(1847 -1)
(1848 -1)
(1849 0)
(1850 -1)
(1851 1)
(1852 0)
(1853 -1)
(1854 -1)
(1855 -1)
(1856 -1)
(1857 -1)
(1858 -1)
(1859 -1)
(1860 -1)
(1861 -1)
(1862 0)
(1863 -1)
(1864 -1)
(1865 -1)
(1866 0)
(1867 -1)
(1868 -1)
(1869 -1)
(1870 -1)
(1871 -1)
(1872 0)
(1873 0)
(1874 -1)
(1875 0)
(1876 -1)
(1877 -1)
(1878 -1)
(1879 0)
(1880 -1)
(1881 -1)
(1882 1)
(1883 1)
(1884 0)
(1885 -1)
(1886 1)
(1887 -1)
(1888 -1)
(1889 -1)
(1890 0)
(1891 -1)
(1892 0)
(1893 0)
(1894 -1)
(1895 -1)
(1896 -1)
(1897 -1)
(1898 -1)
(1899 0)
(1900 -1)
(1901 -1)
(1902 -1)
(1903 0)
(1904 -1)
(1905 -1)
(1906 -1)
(1907 -1)
(1908 -1)
(1909 -1)
(1910 -1)
(1911 0)
(1912 -1)
(1913 -1)
(1914 -1)
(1915 -1)
(1916 1)
(1917 -1)
(1918 -1)
(1919 0)
(1920 0)
(1921 -1)
(1922 0)
(1923 -1)
(1924 0)
(1925 -1)
(1926 -1)
(1927 0)
(1928 1)
(1929 -1)
(1930 -1)
(1931 -1)
(1932 -1)
(1933 -1)
(1934 -1)
(1935 -1)
(1936 0)
(1937 -1)
(1938 -1)
(1939 -1)
(1940 -1)
(1941 -1)
(1942 -1)
(1943 -1)
(1944 0)
(1945 -1)
(1946 -1)
(1947 -1)
(1948 -1)
(1949 1)
(1950 0)
(1951 -1)
(1952 1)
(1953 -1)
(1954 1)
(1955 1)
(1956 -1)
(1957 -1)
(1958 1)
(1959 1)
(1960 -1)
(1961 -1)
(1962 1)
(1963 -1)
(1964 -1)
(1965 -1)
(1966 1)
(1967 1)
(1968 1)
(1969 1)
(1970 1)
(1971 -1)
(1972 1)
(1973 1)
(1974 0)
(1975 0)
(1976 1)
(1977 -1)
(1978 1)
(1979 1)
(1980 1)
(1981 0)
(1982 1)
(1983 1)
(1984 1)
(1985 -1)
(1986 1)
(1987 1)
(1988 -1)
(1989 -1)
(1990 -1)
(1991 1)
(1992 -1)
(1993 -1)
(1994 1)
(1995 -1)
(1996 0)
(1997 0)
(1998 1)
(1999 1)
(2000 0)
(2001 1)
(2002 1)
(2003 1)
(2004 1)
(2005 1)
(2006 1)
(2007 1)
(2008 1)
(2009 -1)
(2010 1)
(2011 -1)
(2012 1)
(2013 1)
(2014 1)
(2015 0)
(2016 1)
(2017 0)
(2018 1)
(2019 0)
(2020 -1)
(2021 -1)
(2022 0)
(2023 -1)
(2024 0)
(2025 -1)
(2026 -1)
(2027 -1)
(2028 1)
(2029 0)
(2030 1)
(2031 -1)
(2032 1)
(2033 0)
(2034 0)
(2035 -1)
(2036 -1)
(2037 0)
(2038 -1)
(2039 0)
(2040 1)
(2041 -1)
(2042 -1)
(2043 1)
(2044 1)
(2045 0)
(2046 1)
(2047 1)
(2048 1)
(2049 1)
(2050 0)
(2051 -1)
(2052 -1)
(2053 -1)
(2054 0)
(2055 1)
(2056 1)
(2057 0)
(2058 0)
(2059 1)
(2060 0)
(2061 1)
(2062 1)
(2063 0)
(2064 0)
(2065 1)
(2066 1)
(2067 1)
(2068 1)
(2069 1)
(2070 1)
(2071 1)
(2072 1)
(2073 1)
(2074 -1)
(2075 1)
(2076 1)
(2077 -1)
(2078 1)
(2079 1)
(2080 1)
(2081 0)
(2082 -1)
(2083 1)
(2084 -1)
(2085 0)
(2086 0)
(2087 -1)
(2088 1)
(2089 0)
(2090 -1)
(2091 1)
(2092 0)
(2093 0)
(2094 -1)
(2095 -1)
(2096 1)
(2097 0)
(2098 1)
(2099 1)
(2100 1)
(2101 1)
(2102 1)
(2103 1)
(2104 1)
(2105 1)
(2106 1)
(2107 1)
(2108 0)
(2109 -1)
(2110 1)
(2111 1)
(2112 1)
(2113 -1)
(2114 1)
(2115 -1)
(2116 1)
(2117 0)
(2118 1)
(2119 1)
(2120 -1)
(2121 1)
(2122 1)
(2123 -1)
(2124 -1)
(2125 -1)
(2126 1)
(2127 1)
(2128 -1)
(2129 1)
(2130 -1)
(2131 1)
(2132 -1)
(2133 1)
(2134 1)
(2135 1)
(2136 -1)
(2137 -1)
(2138 1)
(2139 1)
(2140 1)
(2141 1)
(2142 1)
(2143 1)
(2144 1)
(2145 1)
(2146 1)
(2147 -1)
(2148 1)
(2149 1)
(2150 1)
(2151 1)
(2152 0)
(2153 1)
(2154 -1)
(2155 1)
(2156 0)
(2157 -1)
(2158 1)
(2159 -1)
(2160 1)
(2161 -1)
(2162 1)
(2163 -1)
(2164 1)
(2165 1)
(2166 1)
(2167 1)
(2168 -1)
(2169 1)
(2170 1)
(2171 1)
(2172 1)
(2173 1)
(2174 1)
(2175 1)
(2176 -1)
(2177 -1)
(2178 1)
(2179 0)
(2180 1)
(2181 0)
(2182 0)
(2183 1)
(2184 1)
(2185 1)
(2186 1)
(2187 1)
(2188 -1)
(2189 1)
(2190 1)
(2191 1)
(2192 1)
(2193 1)
(2194 -1)
(2195 1)
(2196 1)
(2197 1)
(2198 -1)
(2199 0)
(2200 1)
(2201 1)
(2202 1)
(2203 -1)
(2204 1)
(2205 1)
(2206 1)
(2207 1)
(2208 0)
(2209 1)
(2210 -1)
(2211 -1)
(2212 0)
(2213 -1)
(2214 0)
(2215 1)
(2216 1)
(2217 0)
(2218 -1)
(2219 -1)
(2220 0)
(2221 1)
(2222 -1)
(2223 1)
(2224 1)
(2225 1)
(2226 -1)
(2227 1)
(2228 1)
(2229 -1)
(2230 -1)
(2231 -1)
(2232 -1)
(2233 1)
(2234 1)
(2235 -1)
(2236 1)
(2237 1)
(2238 -1)
(2239 1)
(2240 -1)
(2241 -1)
(2242 1)
(2243 1)
(2244 1)
(2245 1)
(2246 -1)
(2247 1)
(2248 -1)
(2249 0)
(2250 1)
(2251 -1)
(2252 0)
(2253 1)
(2254 1)
(2255 -1)
(2256 1)
(2257 -1)
(2258 1)
(2259 0)
(2260 -1)
(2261 1)
(2262 1)
(2263 1)
(2264 1)
(2265 -1)
(2266 1)
(2267 1)
(2268 -1)
(2269 -1)
(2270 -1)
(2271 -1)
(2272 1)
(2273 1)
(2274 1)
(2275 1)
(2276 1)
(2277 1)
(2278 1)
(2279 1)
(2280 1)
(2281 -1)
(2282 1)
(2283 1)
(2284 0)
(2285 1)
(2286 -1)
(2287 1)
(2288 0)
(2289 1)
(2290 1)
(2291 1)
(2292 1)
(2293 1)
(2294 1)
(2295 1)
(2296 1)
(2297 1)
(2298 -1)
(2299 1)
(2300 1)
(2301 1)
(2302 1)
(2303 1)
(2304 -1)
(2305 -1)
(2306 0)
(2307 0)
(2308 1)
(2309 1)
(2310 1)
(2311 1)
(2312 -1)
(2313 1)
(2314 1)
(2315 1)
(2316 1)
(2317 1)
(2318 1)
(2319 1)
(2320 0)
(2321 1)
(2322 -1)
(2323 -1)
(2324 1)
(2325 -1)
(2326 -1)
(2327 0)
(2328 1)
(2329 -1)
(2330 -1)
(2331 0)
(2332 1)
(2333 0)
(2334 -1)
(2335 -1)
(2336 1)
(2337 -1)
(2338 -1)
(2339 -1)
(2340 -1)
(2341 1)
(2342 0)
(2343 -1)
(2344 0)
(2345 -1)
(2346 0)
(2347 0)
(2348 0)
(2349 0)
(2350 -1)
(2351 0)
(2352 -1)
(2353 -1)
(2354 0)
(2355 0)
(2356 0)
(2357 0)
(2358 -1)
(2359 0)
(2360 0)
(2361 -1)
(2362 -1)
(2363 0)
(2364 0)
(2365 0)
(2366 -1)
(2367 -1)
(2368 -1)
(2369 0)
(2370 0)
(2371 -1)
(2372 0)
(2373 -1)
(2374 -1)
(2375 0)
(2376 0)
(2377 -1)
(2378 -1)
(2379 0)
(2380 0)
(2381 0)
(2382 -1)
(2383 0)
(2384 1)
(2385 0)
(2386 0)
(2387 0)
(2388 -1)
(2389 1)
(2390 0)
(2391 -1)
(2392 -1)
(2393 0)
(2394 0)
(2395 -1)
(2396 0)
(2397 0)
(2398 -1)
(2399 1)
(2400 0)
(2401 -1)
(2402 0)
(2403 -1)
(2404 1)
(2405 1)
(2406 -1)
(2407 -1)
(2408 -1)
(2409 -1)
(2410 -1)
(2411 0)
(2412 0)
(2413 -1)
(2414 0)
(2415 -1)
(2416 1)
(2417 -1)
(2418 -1)
(2419 0)
(2420 0)
(2421 -1)
(2422 0)
(2423 -1)
(2424 0)
(2425 1)
(2426 -1)
(2427 -1)
(2428 -1)
(2429 -1)
(2430 -1)
(2431 -1)
(2432 -1)
(2433 0)
(2434 -1)
(2435 -1)
(2436 -1)
(2437 -1)
(2438 -1)
(2439 -1)
(2440 1)
(2441 0)
(2442 0)
(2443 -1)
(2444 -1)
(2445 0)
(2446 -1)
(2447 -1)
(2448 -1)
(2449 0)
(2450 -1)
(2451 0)
(2452 -1)
(2453 1)
(2454 -1)
(2455 0)
(2456 0)
(2457 0)
(2458 0)
(2459 1)
(2460 0)
(2461 -1)
(2462 0)
(2463 -1)
(2464 -1)
(2465 0)
(2466 -1)
(2467 0)
(2468 0)
(2469 -1)
(2470 0)
(2471 0)
(2472 0)
(2473 -1)
(2474 1)
(2475 -1)
(2476 0)
(2477 0)
(2478 0)
(2479 0)
(2480 -1)
(2481 0)
(2482 0)
(2483 -1)
(2484 0)
(2485 -1)
(2486 -1)
(2487 -1)
(2488 0)
(2489 1)
(2490 -1)
(2491 0)
(2492 -1)
(2493 -1)
(2494 -1)
(2495 -1)
(2496 0)
(2497 0)
(2498 -1)
(2499 -1)
(2500 0)
(2501 -1)
(2502 0)
(2503 -1)
(2504 0)
(2505 -1)
(2506 1)
(2507 -1)
(2508 -1)
(2509 0)
(2510 -1)
(2511 -1)
(2512 0)
(2513 1)
(2514 -1)
(2515 -1)
(2516 1)
(2517 0)
(2518 -1)
(2519 -1)
(2520 1)
(2521 0)
(2522 -1)
(2523 -1)
(2524 0)
(2525 0)
(2526 0)
(2527 1)
(2528 0)
(2529 0)
(2530 -1)
(2531 0)
(2532 -1)
(2533 1)
(2534 0)
(2535 -1)
(2536 -1)
(2537 1)
(2538 0)
(2539 -1)
(2540 0)
(2541 0)
(2542 0)
(2543 0)
(2544 -1)
(2545 -1)
(2546 0)
(2547 0)
(2548 -1)
(2549 0)
(2550 -1)
(2551 -1)
(2552 -1)
(2553 0)
(2554 -1)
(2555 0)
(2556 1)
(2557 -1)
(2558 0)
(2559 -1)
(2560 -1)
(2561 0)
(2562 1)
(2563 -1)
(2564 0)
(2565 -1)
(2566 -1)
(2567 -1)
(2568 -1)
(2569 -1)
(2570 0)
(2571 -1)
(2572 0)
(2573 -1)
(2574 0)
(2575 0)
(2576 1)
(2577 -1)
(2578 0)
(2579 0)
(2580 -1)
(2581 0)
(2582 0)
(2583 -1)
(2584 0)
(2585 -1)
(2586 1)
(2587 1)
(2588 -1)
(2589 0)
(2590 0)
(2591 -1)
(2592 0)
(2593 -1)
(2594 0)
(2595 1)
(2596 1)
(2597 0)
(2598 -1)
(2599 0)
(2600 -1)
(2601 0)
(2602 -1)
(2603 -1)
(2604 0)
(2605 0)
(2606 -1)
(2607 -1)
(2608 -1)
(2609 0)
(2610 -1)
(2611 -1)
(2612 0)
(2613 -1)
(2614 0)
(2615 0)
(2616 -1)
(2617 -1)
(2618 0)
(2619 -1)
(2620 0)
(2621 1)
(2622 0)
(2623 0)
(2624 -1)
(2625 0)
(2626 0)
(2627 0)
(2628 -1)
(2629 -1)
(2630 -1)
(2631 1)
(2632 0)
(2633 0)
(2634 -1)
(2635 -1)
(2636 1)
(2637 0)
(2638 -1)
(2639 -1)
(2640 -1)
(2641 -1)
(2642 0)
(2643 1)
(2644 -1)
(2645 -1)
(2646 -1)
(2647 -1)
(2648 0)
(2649 0)
(2650 -1)
(2651 0)
(2652 0)
(2653 0)
(2654 0)
(2655 -1)
(2656 0)
(2657 1)
(2658 0)
(2659 0)
(2660 0)
(2661 0)
(2662 0)
(2663 0)
(2664 0)
(2665 1)
(2666 0)
(2667 -1)
(2668 0)
(2669 -1)
(2670 1)
(2671 -1)
(2672 0)
(2673 0)
(2674 0)
(2675 0)
(2676 0)
(2677 -1)
(2678 0)
(2679 -1)
(2680 -1)
(2681 0)
(2682 -1)
(2683 0)
(2684 0)
(2685 0)
(2686 -1)
(2687 0)
(2688 -1)
(2689 0)
(2690 0)
(2691 1)
(2692 -1)
(2693 0)
(2694 0)
(2695 -1)
(2696 -1)
(2697 0)
(2698 -1)
(2699 -1)
(2700 -1)
(2701 0)
(2702 0)
(2703 -1)
(2704 0)
(2705 0)
(2706 0)
(2707 1)
(2708 -1)
(2709 0)
(2710 0)
(2711 1)
(2712 -1)
(2713 -1)
(2714 -1)
(2715 0)
(2716 -1)
(2717 0)
(2718 -1)
(2719 -1)
(2720 0)
(2721 -1)
(2722 -1)
(2723 -1)
(2724 1)
(2725 -1)
(2726 0)
(2727 0)
(2728 0)
(2729 -1)
(2730 -1)
(2731 0)
(2732 -1)
(2733 0)
(2734 0)
(2735 0)
(2736 -1)
(2737 0)
(2738 1)
(2739 -1)
(2740 0)
(2741 -1)
(2742 0)
(2743 -1)
(2744 1)
(2745 0)
(2746 -1)
(2747 -1)
(2748 -1)
(2749 0)
(2750 -1)
(2751 0)
(2752 -1)
(2753 0)
(2754 -1)
(2755 -1)
(2756 0)
(2757 -1)
(2758 0)
(2759 -1)
(2760 -1)
(2761 0)
(2762 0)
(2763 -1)
(2764 -1)
(2765 0)
(2766 -1)
(2767 -1)
(2768 -1)
(2769 -1)
(2770 -1)
(2771 -1)
(2772 0)
(2773 0)
(2774 0)
(2775 -1)
(2776 -1)
(2777 -1)
(2778 0)
(2779 0)
(2780 -1)
(2781 0)
(2782 0)
(2783 -1)
(2784 -1)
(2785 -1)
(2786 0)
(2787 -1)
(2788 -1)
(2789 -1)
(2790 1)
(2791 0)
(2792 -1)
(2793 -1)
(2794 0)
(2795 1)
(2796 0)
(2797 0)
(2798 0)
(2799 0)
(2800 -1)
(2801 -1)
(2802 -1)
(2803 0)
(2804 -1)
(2805 -1)
(2806 -1)
(2807 -1)
(2808 -1)
(2809 -1)
(2810 0)
(2811 1)
(2812 0)
(2813 1)
(2814 0)
(2815 0)
(2816 0)
(2817 0)
(2818 0)
(2819 0)
(2820 -1)
(2821 0)
(2822 0)
(2823 0)
(2824 -1)
(2825 0)
(2826 0)
(2827 -1)
(2828 0)
(2829 -1)
(2830 0)
(2831 0)
(2832 0)
(2833 1)
(2834 -1)
(2835 0)
(2836 0)
(2837 0)
(2838 0)
(2839 -1)
(2840 -1)
(2841 0)
(2842 0)
(2843 0)
(2844 -1)
(2845 0)
(2846 -1)
(2847 0)
(2848 -1)
(2849 1)
(2850 0)
(2851 0)
(2852 1)
(2853 -1)
(2854 0)
(2855 -1)
(2856 -1)
(2857 0)
(2858 -1)
(2859 1)
(2860 0)
(2861 -1)
(2862 -1)
(2863 0)
(2864 -1)
(2865 -1)
(2866 -1)
(2867 -1)
(2868 -1)
(2869 0)
(2870 0)
(2871 1)
(2872 -1)
(2873 -1)
(2874 0)
(2875 0)
(2876 0)
(2877 0)
(2878 -1)
(2879 0)
(2880 0)
(2881 -1)
(2882 -1)
(2883 0)
(2884 -1)
(2885 0)
(2886 0)
(2887 0)
(2888 0)
(2889 -1)
(2890 -1)
(2891 0)
(2892 -1)
(2893 -1)
(2894 -1)
(2895 -1)
(2896 -1)
(2897 -1)
(2898 -1)
(2899 0)
(2900 1)
(2901 -1)
(2902 -1)
(2903 -1)
(2904 -1)
(2905 -1)
(2906 -1)
(2907 -1)
(2908 -1)
(2909 -1)
(2910 -1)
(2911 -1)
(2912 1)
(2913 -1)
(2914 -1)
(2915 -1)
(2916 -1)
(2917 -1)
(2918 -1)
(2919 -1)
(2920 -1)
(2921 -1)
(2922 -1)
(2923 -1)
(2924 -1)
(2925 -1)
(2926 -1)
(2927 -1)
(2928 -1)
(2929 -1)
(2930 -1)
(2931 -1)
(2932 -1)
(2933 -1)
(2934 -1)
(2935 -1)
(2936 -1)
(2937 -1)
(2938 -1)
(2939 -1)
(2940 -1)
(2941 -1)
(2942 -1)
(2943 -1)
(2944 -1)
(2945 -1)
(2946 -1)
(2947 -1)
(2948 -1)
(2949 1)
(2950 -1)
(2951 -1)
(2952 -1)
(2953 -1)
(2954 -1)
(2955 -1)
(2956 1)
(2957 -1)
(2958 -1)
(2959 -1)
(2960 -1)
(2961 -1)
(2962 0)
(2963 -1)
(2964 -1)
(2965 -1)
(2966 0)
(2967 -1)
(2968 -1)
(2969 -1)
(2970 -1)
(2971 -1)
(2972 -1)
(2973 1)
(2974 -1)
(2975 -1)
(2976 -1)
(2977 -1)
(2978 -1)
(2979 -1)
(2980 -1)
(2981 -1)
(2982 -1)
(2983 -1)
(2984 -1)
(2985 -1)
(2986 -1)
(2987 -1)
(2988 -1)
(2989 -1)
(2990 -1)
(2991 -1)
(2992 -1)
(2993 -1)
(2994 -1)
(2995 -1)
(2996 -1)
(2997 -1)
(2998 -1)
(2999 -1)
(3000 -1)
(3001 -1)
(3002 -1)
(3003 -1)
(3004 0)
(3005 -1)
(3006 -1)
(3007 -1)
(3008 -1)
(3009 0)
(3010 -1)
(3011 -1)
(3012 -1)
(3013 -1)
(3014 -1)
(3015 -1)
(3016 -1)
(3017 -1)
(3018 -1)
(3019 -1)
(3020 -1)
(3021 -1)
(3022 -1)
(3023 1)
(3024 -1)
(3025 -1)
(3026 -1)
(3027 -1)
(3028 -1)
(3029 -1)
(3030 -1)
(3031 -1)
(3032 -1)
(3033 -1)
(3034 -1)
(3035 -1)
(3036 -1)
(3037 -1)
(3038 -1)
(3039 -1)
(3040 -1)
(3041 -1)
(3042 -1)
(3043 -1)
(3044 -1)
(3045 -1)
(3046 -1)
(3047 -1)
(3048 -1)
(3049 -1)
(3050 -1)
(3051 -1)
(3052 -1)
(3053 -1)
(3054 -1)
(3055 -1)
(3056 -1)
(3057 -1)
(3058 -1)
(3059 -1)
(3060 -1)
(3061 -1)
(3062 -1)
(3063 -1)
(3064 -1)
(3065 -1)
(3066 -1)
(3067 -1)
(3068 -1)
(3069 -1)
(3070 -1)
(3071 -1)
(3072 -1)
(3073 -1)
(3074 -1)
(3075 0)
(3076 -1)
(3077 -1)
(3078 -1)
(3079 -1)
(3080 -1)
(3081 -1)
(3082 -1)
(3083 -1)
(3084 -1)
(3085 -1)
(3086 -1)
(3087 -1)
(3088 -1)
(3089 0)
(3090 0)
(3091 -1)
(3092 -1)
(3093 -1)
(3094 0)
(3095 1)
(3096 -1)
(3097 -1)
(3098 -1)
(3099 -1)
(3100 -1)
(3101 -1)
(3102 -1)
(3103 -1)
(3104 0)
(3105 -1)
(3106 0)
(3107 -1)
(3108 -1)
(3109 -1)
(3110 -1)
(3111 0)
(3112 -1)
(3113 -1)
(3114 -1)
(3115 -1)
(3116 -1)
(3117 -1)
(3118 -1)
(3119 -1)
(3120 -1)
(3121 -1)
(3122 -1)
(3123 -1)
(3124 1)
(3125 -1)
(3126 -1)
(3127 -1)
(3128 -1)
(3129 -1)
(3130 -1)
(3131 -1)
(3132 -1)
(3133 -1)
(3134 0)
(3135 -1)
(3136 -1)
(3137 -1)
(3138 -1)
(3139 -1)
(3140 -1)
(3141 0)
(3142 -1)
(3143 -1)
(3144 -1)
(3145 -1)
(3146 1)
(3147 -1)
(3148 -1)
(3149 -1)
(3150 -1)
(3151 -1)
(3152 -1)
(3153 -1)
(3154 -1)
(3155 -1)
(3156 1)
(3157 -1)
(3158 -1)
(3159 -1)
(3160 -1)
(3161 -1)
(3162 0)
(3163 -1)
(3164 -1)
(3165 -1)
(3166 -1)
(3167 -1)
(3168 -1)
(3169 -1)
(3170 -1)
(3171 -1)
(3172 -1)
(3173 -1)
(3174 -1)
(3175 -1)
(3176 -1)
(3177 -1)
(3178 -1)
(3179 -1)
(3180 -1)
(3181 -1)
(3182 -1)
(3183 -1)
(3184 -1)
(3185 -1)
(3186 -1)
(3187 -1)
(3188 -1)
(3189 -1)
(3190 0)
(3191 -1)
(3192 -1)
(3193 -1)
(3194 -1)
(3195 -1)
(3196 -1)
(3197 1)
(3198 -1)
(3199 -1)
(3200 -1)
(3201 -1)
(3202 0)
(3203 0)
(3204 -1)
(3205 -1)
(3206 -1)
(3207 -1)
(3208 -1)
(3209 -1)
(3210 -1)
(3211 0)
(3212 -1)
(3213 -1)
(3214 -1)
(3215 -1)
(3216 -1)
(3217 -1)
(3218 -1)
(3219 -1)
(3220 -1)
(3221 1)
(3222 0)
(3223 0)
(3224 0)
(3225 -1)
(3226 -1)
(3227 -1)
(3228 -1)
(3229 -1)
(3230 -1)
(3231 0)
(3232 -1)
(3233 -1)
(3234 0)
(3235 -1)
(3236 -1)
(3237 -1)
(3238 -1)
(3239 -1)
(3240 -1)
(3241 -1)
(3242 -1)
(3243 -1)
(3244 -1)
(3245 -1)
(3246 -1)
(3247 -1)
(3248 -1)
(3249 -1)
(3250 -1)
(3251 -1)
(3252 -1)
(3253 -1)
(3254 -1)
(3255 -1)
(3256 -1)
(3257 -1)
(3258 -1)
(3259 -1)
(3260 -1)
(3261 -1)
(3262 -1)
(3263 -1)
(3264 -1)
(3265 -1)
(3266 -1)
(3267 -1)
(3268 -1)
(3269 -1)
(3270 0)
(3271 -1)
(3272 -1)
(3273 -1)
(3274 -1)
(3275 0)
(3276 -1)
(3277 1)
(3278 -1)
(3279 -1)
(3280 -1)
(3281 -1)
(3282 -1)
(3283 1)
(3284 -1)
(3285 -1)
(3286 -1)
(3287 -1)
(3288 -1)
(3289 -1)
(3290 -1)
(3291 -1)
(3292 -1)
(3293 -1)
(3294 -1)
(3295 -1)
(3296 -1)
(3297 -1)
(3298 -1)
(3299 -1)
(3300 -1)
(3301 -1)
(3302 -1)
(3303 0)
(3304 -1)
(3305 -1)
(3306 -1)
(3307 -1)
(3308 -1)
(3309 -1)
(3310 0)
(3311 -1)
(3312 -1)
(3313 0)
(3314 -1)
(3315 -1)
(3316 0)
(3317 -1)
(3318 -1)
(3319 -1)
(3320 -1)
(3321 -1)
(3322 -1)
(3323 -1)
(3324 -1)
(3325 -1)
(3326 -1)
(3327 -1)
(3328 -1)
(3329 -1)
(3330 -1)
(3331 -1)
(3332 -1)
(3333 -1)
(3334 -1)
(3335 -1)
(3336 -1)
(3337 -1)
(3338 -1)
(3339 -1)
(3340 -1)
(3341 -1)
(3342 -1)
(3343 -1)
(3344 -1)
(3345 -1)
(3346 -1)
(3347 -1)
(3348 -1)
(3349 -1)
(3350 -1)
(3351 -1)
(3352 1)
(3353 -1)
(3354 -1)
(3355 -1)
(3356 -1)
(3357 -1)
(3358 -1)
(3359 -1)
(3360 -1)
(3361 -1)
(3362 -1)
(3363 -1)
(3364 -1)
(3365 -1)
(3366 -1)
(3367 0)
(3368 0)
(3369 -1)
(3370 0)
(3371 -1)
(3372 -1)
(3373 -1)
(3374 -1)
(3375 -1)
(3376 0)
(3377 -1)
(3378 -1)
(3379 0)
(3380 -1)
(3381 -1)
(3382 -1)
(3383 0)
(3384 -1)
(3385 -1)
(3386 -1)
(3387 -1)
(3388 0)
(3389 -1)
(3390 -1)
(3391 -1)
(3392 1)
(3393 0)
(3394 -1)
(3395 -1)
(3396 -1)
(3397 -1)
(3398 -1)
(3399 -1)
(3400 -1)
(3401 -1)
(3402 -1)
(3403 0)
(3404 -1)
(3405 -1)
(3406 0)
(3407 -1)
(3408 -1)
(3409 -1)
(3410 -1)
(3411 -1)
(3412 -1)
(3413 1)
(3414 -1)
(3415 -1)
(3416 -1)
(3417 -1)
(3418 -1)
(3419 0)
(3420 -1)
(3421 -1)
(3422 -1)
(3423 -1)
(3424 -1)
(3425 -1)
(3426 -1)
(3427 -1)
(3428 -1)
(3429 -1)
(3430 -1)
(3431 -1)
(3432 -1)
(3433 -1)
(3434 0)
(3435 -1)
(3436 -1)
(3437 -1)
(3438 -1)
(3439 -1)
(3440 -1)
(3441 -1)
(3442 0)
(3443 -1)
(3444 -1)
(3445 -1)
(3446 -1)
(3447 -1)
(3448 -1)
(3449 -1)
(3450 -1)
(3451 -1)
(3452 -1)
(3453 -1)
(3454 -1)
(3455 -1)
(3456 -1)
(3457 -1)
(3458 -1)
(3459 -1)
(3460 1)
(3461 -1)
(3462 0)
(3463 -1)
(3464 -1)
(3465 -1)
(3466 0)
(3467 0)
(3468 -1)
(3469 -1)
(3470 -1)
(3471 1)
(3472 -1)
(3473 -1)
(3474 -1)
(3475 -1)
(3476 -1)
(3477 -1)
(3478 -1)
(3479 -1)
(3480 -1)
(3481 -1)
(3482 -1)
(3483 1)
(3484 -1)
(3485 -1)
(3486 -1)
(3487 -1)
(3488 0)
(3489 -1)
(3490 -1)
(3491 -1)
(3492 -1)
(3493 -1)
(3494 -1)
(3495 1)
(3496 -1)
(3497 0)
(3498 -1)
(3499 -1)
(3500 -1)
(3501 1)
(3502 -1)
(3503 -1)
(3504 -1)
(3505 0)
(3506 -1)
(3507 -1)
(3508 -1)
(3509 -1)
(3510 1)
(3511 -1)
(3512 -1)
(3513 -1)
(3514 0)
(3515 -1)
(3516 0)
(3517 -1)
(3518 -1)
(3519 -1)
(3520 -1)
(3521 -1)
(3522 -1)
(3523 -1)
(3524 -1)
(3525 -1)
(3526 -1)
(3527 1)
(3528 0)
(3529 0)
(3530 -1)
(3531 1)
(3532 -1)
(3533 -1)
(3534 0)
(3535 -1)
(3536 -1)
(3537 -1)
(3538 -1)
(3539 -1)
(3540 -1)
(3541 -1)
(3542 -1)
(3543 -1)
(3544 -1)
(3545 -1)
(3546 -1)
(3547 -1)
(3548 0)
(3549 -1)
(3550 -1)
(3551 -1)
(3552 -1)
(3553 0)
(3554 -1)
(3555 -1)
(3556 -1)
(3557 -1)
(3558 -1)
(3559 -1)
(3560 -1)
(3561 0)
(3562 -1)
(3563 -1)
(3564 -1)
(3565 -1)
(3566 0)
(3567 0)
(3568 0)
(3569 -1)
(3570 -1)
(3571 -1)
(3572 -1)
(3573 -1)
(3574 -1)
(3575 -1)
(3576 -1)
(3577 -1)
(3578 -1)
(3579 0)
(3580 -1)
(3581 -1)
(3582 -1)
(3583 0)
(3584 -1)
(3585 0)
(3586 -1)
(3587 -1)
(3588 1)
(3589 -1)
(3590 0)
(3591 -1)
(3592 -1)
(3593 -1)
(3594 -1)
(3595 -1)
(3596 -1)
(3597 -1)
(3598 -1)
(3599 0)
(3600 -1)
(3601 -1)
(3602 -1)
(3603 -1)
(3604 -1)
(3605 -1)
(3606 -1)
(3607 -1)
(3608 -1)
(3609 -1)
(3610 -1)
(3611 -1)
(3612 -1)
(3613 -1)
(3614 -1)
(3615 -1)
(3616 -1)
(3617 -1)
(3618 -1)
(3619 -1)
(3620 -1)
(3621 -1)
(3622 -1)
(3623 -1)
(3624 -1)
(3625 -1)
(3626 -1)
(3627 -1)
(3628 -1)
(3629 -1)
(3630 1)
(3631 -1)
(3632 -1)
(3633 -1)
(3634 1)
(3635 -1)
(3636 -1)
(3637 -1)
(3638 -1)
(3639 1)
(3640 -1)
(3641 0)
(3642 -1)
(3643 0)
(3644 -1)
(3645 -1)
(3646 -1)
(3647 -1)
(3648 -1)
(3649 -1)
(3650 -1)
(3651 0)
(3652 1)
(3653 -1)
(3654 -1)
(3655 -1)
(3656 0)
(3657 -1)
(3658 -1)
(3659 1)
(3660 -1)
(3661 -1)
(3662 -1)
(3663 -1)
(3664 0)
(3665 1)
(3666 -1)
(3667 -1)
(3668 -1)
(3669 -1)
(3670 0)
(3671 -1)
(3672 -1)
(3673 -1)
(3674 -1)
(3675 -1)
(3676 1)
(3677 -1)
(3678 -1)
(3679 1)
(3680 -1)
(3681 -1)
(3682 -1)
(3683 -1)
(3684 1)
(3685 -1)
(3686 -1)
(3687 -1)
(3688 -1)
(3689 -1)
(3690 -1)
(3691 0)
(3692 -1)
(3693 -1)
(3694 -1)
(3695 1)
(3696 0)
(3697 -1)
(3698 1)
(3699 -1)
(3700 0)
(3701 1)
(3702 -1)
(3703 0)
(3704 -1)
(3705 0)
(3706 -1)
(3707 -1)
(3708 -1)
(3709 -1)
(3710 -1)
(3711 -1)
(3712 -1)
(3713 -1)
(3714 -1)
(3715 -1)
(3716 0)
(3717 -1)
(3718 -1)
(3719 -1)
(3720 -1)
(3721 -1)
(3722 -1)
(3723 -1)
(3724 -1)
(3725 -1)
(3726 -1)
(3727 -1)
(3728 0)
(3729 -1)
(3730 -1)
(3731 -1)
(3732 -1)
(3733 -1)
(3734 -1)
(3735 -1)
(3736 -1)
(3737 -1)
(3738 -1)
(3739 -1)
(3740 0)
(3741 -1)
(3742 -1)
(3743 -1)
(3744 -1)
(3745 -1)
(3746 -1)
(3747 -1)
(3748 -1)
(3749 0)
(3750 -1)
(3751 -1)
(3752 -1)
(3753 -1)
(3754 -1)
(3755 -1)
(3756 -1)
(3757 -1)
(3758 -1)
(3759 -1)
(3760 0)
(3761 -1)
(3762 -1)
(3763 -1)
(3764 -1)
(3765 -1)
(3766 -1)
(3767 -1)
(3768 -1)
(3769 -1)
(3770 -1)
(3771 -1)
(3772 -1)
(3773 -1)
(3774 0)
(3775 -1)
(3776 -1)
(3777 -1)
(3778 -1)
(3779 -1)
(3780 -1)
(3781 -1)
(3782 -1)
(3783 -1)
(3784 -1)
(3785 -1)
(3786 -1)
(3787 -1)
(3788 -1)
(3789 -1)
(3790 -1)
(3791 -1)
(3792 0)
(3793 -1)
(3794 -1)
(3795 0)
(3796 -1)
(3797 -1)
(3798 0)
(3799 -1)
(3800 -1)
(3801 -1)
(3802 -1)
(3803 -1)
(3804 -1)
(3805 -1)
(3806 1)
(3807 0)
(3808 -1)
(3809 -1)
(3810 0)
(3811 -1)
(3812 -1)
(3813 -1)
(3814 -1)
(3815 -1)
(3816 -1)
(3817 -1)
(3818 -1)
(3819 0)
(3820 0)
(3821 -1)
(3822 -1)
(3823 -1)
(3824 -1)
(3825 -1)
(3826 -1)
(3827 -1)
(3828 -1)
(3829 -1)
(3830 -1)
(3831 -1)
(3832 -1)
(3833 -1)
(3834 -1)
(3835 -1)
(3836 -1)
(3837 -1)
(3838 -1)
(3839 -1)
(3840 0)
(3841 -1)
(3842 -1)
(3843 -1)
(3844 -1)
(3845 0)
(3846 -1)
(3847 -1)
(3848 -1)
(3849 0)
(3850 -1)
(3851 -1)
))